0.99966 0.00079554 0.0260747 -0.00443527 -0.000712039 0.999995 -0.00321149 -0.00516339 -0.0260771 0.00319183 0.999655 0.00614195
0.999355 -0.0174373 0.0313793 1.12693 0.0173455 0.999844 0.00319413 -0.0230311 -0.0314302 -0.00264778 0.999502 0.00658731
0.999268 -0.00358031 0.0380757 2.15059 0.00316272 0.999934 0.0110218 -0.0573314 -0.0381127 -0.0108933 0.999214 0.0221292
0.998777 0.0459406 0.0182523 3.20591 -0.0459654 0.998943 0.000936112 -0.122935 -0.01819 -0.00177394 0.999833 0.0328669
0.99797 0.0586172 0.0249126 4.23918 -0.0585924 0.99828 -0.00172386 -0.210957 -0.0249709 0.000260666 0.999688 0.037703
0.997801 0.0585991 0.030986 5.26118 -0.0588413 0.998243 0.00696229 -0.305736 -0.0305236 -0.00877023 0.999496 0.0484429
0.997123 0.0717898 0.0243429 6.27701 -0.0720056 0.997371 0.00810667 -0.409106 -0.023697 -0.00983617 0.999671 0.0602194
0.997053 0.0673232 0.0367762 7.35379 -0.0677099 0.997661 0.00937182 -0.520328 -0.0360593 -0.0118343 0.99928 0.078224
0.998247 -0.0468143 0.0362057 8.41279 0.0465136 0.998876 0.00910423 -0.49904 -0.0365912 -0.00740422 0.999303 0.083837
0.951008 -0.306007 0.0440961 9.48916 0.30545 0.952018 0.019031 -0.352231 -0.0478039 -0.00462945 0.998846 0.0841236
0.374663 -0.926243 0.0412533 10.158 0.924414 0.376606 0.0602269 0.460988 -0.071321 0.0155703 0.997332 0.0699181
-0.137674 -0.99039 0.0131806 10.0408 0.988912 -0.136696 0.058027 1.4788 -0.0556676 0.0210232 0.998228 0.0296677
-0.165399 -0.986095 0.0161361 9.90771 0.984521 -0.164129 0.0614845 2.49963 -0.0579812 0.0260558 0.997978 0.0154944
-0.138698 -0.990325 0.00449954 9.78093 0.988316 -0.138123 0.064452 3.52452 -0.0632069 0.0133863 0.997911 0.000264763
0.255057 -0.966683 0.0216979 9.9357 0.964911 0.255909 0.0587993 4.55037 -0.062393 0.00593935 0.998034 -0.0221638
0.4731 -0.880592 0.0270949 10.407 0.878626 0.473858 0.0589424 5.50504 -0.0647433 -0.00407937 0.997894 -0.0493001
0.529934 -0.847262 0.036293 10.983 0.84606 0.531135 0.0455798 6.42636 -0.0578945 0.00655178 0.998301 -0.0735652
0.231886 -0.972406 0.0256125 11.3018 0.970653 0.233032 0.0594096 7.4173 -0.0637388 0.0110846 0.997905 -0.109595
-0.122255 -0.992245 0.0224502 11.3421 0.990585 -0.120584 0.0648107 8.45056 -0.0616009 0.0301622 0.997645 -0.127171
-0.474258 -0.880368 -0.00559732 10.9588 0.877758 -0.473324 0.0741985 9.39397 -0.0679713 0.0302761 0.997228 -0.15155
-0.599054 -0.800637 -0.0107263 10.3888 0.798429 -0.598305 0.0673935 10.2394 -0.0603753 0.0318081 0.997669 -0.169695
-0.987525 -0.152452 -0.0393981 9.44991 0.149978 -0.986893 0.0595684 10.6526 -0.047963 0.0529165 0.997446 -0.192353
-0.764029 0.643445 -0.0473088 8.52068 -0.644672 -0.764285 0.0163438 10.1351 -0.0256411 0.0429858 0.998747 -0.177508
-0.542932 0.838164 -0.052021 7.82618 -0.839391 -0.543517 0.00339095 9.34673 -0.0254321 0.0455071 0.99864 -0.164542
-0.287582 0.957137 -0.034438 7.51445 -0.95774 -0.287601 0.00449853 8.34491 -0.0055987 0.0342764 0.999397 -0.145566
-0.120069 0.992299 -0.0304212 7.28916 -0.992668 -0.120432 -0.0103639 7.24133 -0.0139478 0.0289538 0.999483 -0.129333
0.0115762 0.999713 -0.0209648 7.22079 -0.999892 0.0113837 -0.00927915 6.17788 -0.00903783 0.02107 0.999737 -0.0927984
0.00136403 0.999672 -0.025567 7.23815 -0.999953 0.0011182 -0.00962696 5.05092 -0.00959522 0.0255789 0.999627 -0.0602406
-0.334778 0.94148 -0.0392171 6.99918 -0.942186 -0.335088 -0.0014156 3.97781 -0.014474 0.0364759 0.99923 -0.0241972
-0.91616 0.396503 -0.0586117 6.132 -0.398001 -0.917244 0.0160734 3.38553 -0.0473881 0.0380533 0.998151 -0.021805
-0.880677 -0.472125 -0.0388037 5.09966 0.470278 -0.881198 0.0482534 3.70043 -0.0569754 0.0242471 0.998081 -0.0307376
-0.183275 -0.982983 0.0124207 4.75321 0.9813 -0.182176 0.062154 4.68124 -0.0588336 0.0235797 0.997989 -0.0567289
0.0585072 -0.998158 0.0160775 4.79911 0.996354 0.059388 0.0612457 5.73544 -0.0620877 0.0124355 0.997993 -0.0924862
0.165667 -0.985875 0.0245968 4.96666 0.983487 0.167005 0.0697335 6.78509 -0.0728564 0.0126382 0.997262 -0.114931
0.106642 -0.994193 0.0144349 5.16172 0.992363 0.107329 0.0608039 7.85288 -0.0620001 0.00784038 0.998045 -0.150765
-0.194234 -0.980948 -0.00360913 5.08952 0.978933 -0.194069 0.0634585 8.9074 -0.06295 0.00879274 0.997978 -0.168139
-0.626643 -0.779186 -0.013682 4.56855 0.776802 -0.62594 0.0691273 9.86045 -0.0624271 0.03269 0.997514 -0.197158
-0.936567 -0.347653 -0.0445059 3.66792 0.344483 -0.936472 0.0659704 10.4524 -0.0646133 0.0464541 0.996829 -0.225704
-0.789848 0.611204 -0.0506866 2.71324 -0.612835 -0.789773 0.0263125 10.0831 -0.0239486 0.0518454 0.998368 -0.221728
-0.200817 0.978778 -0.0408048 2.40334 -0.979575 -0.201067 -0.00206185 9.08636 -0.0102226 0.0395573 0.999165 -0.202542
-0.0266213 0.999278 -0.0271144 2.25848 -0.999621 -0.0268007 -0.0062742 8.01389 -0.00699636 0.0269371 0.999613 -0.183106
-0.00410923 0.999692 -0.0244727 2.21312 -0.999943 -0.00434811 -0.009716 6.96238 -0.00981942 0.0244314 0.999653 -0.145354
-0.039501 0.998961 -0.0227328 2.14534 -0.999018 -0.03994 -0.0191922 5.84283 -0.0200802 0.0219524 0.999557 -0.117634
-0.285857 0.957526 -0.0378049 1.88601 -0.957861 -0.286668 -0.0180067 4.78023 -0.0280793 0.0310644 0.999123 -0.08908
-0.612168 0.789624 -0.0417739 1.29002 -0.790375 -0.612619 0.00248304 3.88967 -0.0236308 0.034537 0.999124 -0.0824941
-0.944134 0.32779 -0.0341236 0.395113 -0.328463 -0.944377 0.0162792 3.41874 -0.0268893 0.0265781 0.999285 -0.0717465
-0.766246 -0.641697 -0.0330313 -0.59771 0.639831 -0.76672 0.052505 3.89704 -0.0590181 0.0190974 0.998074 -0.0788715
0.137711 -0.990459 0.00517621 -0.678103 0.988308 0.137753 0.0653576 4.98218 -0.065447 -0.00388476 0.997848 -0.128168
0.226654 -0.973823 0.0172099 -0.415189 0.972098 0.227278 0.0580467 6.06153 -0.0604387 0.00357317 0.998166 -0.138769
0.139721 -0.990124 0.0114757 -0.189331 0.98804 0.140172 0.0642582 7.09371 -0.0652322 0.00236027 0.997867 -0.161095
-0.137128 -0.990553 -0.0011244 -0.240356 0.987724 -0.136822 0.0753707 8.22985 -0.0748125 0.00922482 0.997155 -0.204607
-0.542581 -0.839633 -0.0249285 -0.66817 0.837155 -0.542945 0.0661959 9.22719 -0.0691151 0.0150477 0.997495 -0.232391
-0.802849 -0.59511 -0.0357485 -1.42309 0.591998 -0.802871 0.0702543 9.8934 -0.0705105 0.0352406 0.996888 -0.256841
-0.966491 -0.254817 -0.0310484 -2.4569 0.253223 -0.966239 0.047549 10.2537 -0.0421165 0.0380935 0.998386 -0.26634
-0.993082 0.107359 -0.0475736 -3.49019 -0.109589 -0.992862 0.0470561 10.2303 -0.0421822 0.0519441 0.997759 -0.27396
-0.99866 -0.0065152 -0.0513349 -4.49363 0.00395731 -0.998753 0.0497725 10.249 -0.0515951 0.0495026 0.99744 -0.282057
-0.996002 -0.0746155 -0.0491196 -5.52585 0.0721142 -0.996098 0.0508664 10.329 -0.0527234 0.0471208 0.997497 -0.305154
-0.99351 -0.101474 -0.0513993 -6.59001 0.0997766 -0.994409 0.0345797 10.4489 -0.0546209 0.0292269 0.998079 -0.307995
-0.71824 0.693186 -0.0602017 -7.5341 -0.695221 -0.718471 0.0216204 10.1109 -0.0282662 0.0573822 0.997952 -0.316007
0.733788 0.679377 -0.0013215 -7.11133 -0.679324 0.733703 -0.0140996 9.13408 -0.00860937 0.0112438 0.9999 -0.288487
0.999254 0.0115602 0.0368439 -6.0856 -0.0120528 0.999841 0.013174 9.11138 -0.0366858 -0.0136082 0.999234 -0.28523
0.999373 0.0230439 0.0268724 -5.02293 -0.0232646 0.999698 0.00793132 9.06978 -0.0266815 -0.00855152 0.999607 -0.273095
0.999649 0.0199714 0.0174335 -4.00553 -0.0201181 0.999763 0.00827614 9.01993 -0.0172641 -0.00862396 0.999814 -0.257028
0.986011 0.16306 0.0345527 -3.00078 -0.163519 0.98648 0.0108724 8.89297 -0.0323127 -0.0163703 0.999344 -0.236688
-0.0129751 0.999854 -0.0110836 -2.58302 -0.999427 -0.0133144 -0.0311088 7.90934 -0.0312518 0.0106736 0.999455 -0.208225
-0.991105 0.122692 -0.0515571 -3.62538 -0.124124 -0.991937 0.0255602 7.77742 -0.0480053 0.0317323 0.998343 -0.211674
-0.998458 -0.00914967 -0.0547452 -4.64574 0.00694784 -0.999164 0.0402756 7.79682 -0.0550679 0.0398332 0.997688 -0.234965
-0.998815 0.0223808 -0.0432194 -5.64766 -0.0242742 -0.998746 0.0437939 7.79045 -0.042185 0.0447911 0.998105 -0.240527
-0.973481 0.224692 -0.0429876 -6.67137 -0.225975 -0.973739 0.0277124 7.63606 -0.035632 0.0366916 0.998691 -0.238497
-0.814175 0.578762 -0.0464137 -7.59711 -0.579935 -0.814493 0.0166189 7.14998 -0.0281853 0.0404477 0.998784 -0.235026
-0.237489 0.970555 -0.0402675 -8.05047 -0.971239 -0.237979 -0.00777702 6.20044 -0.0171308 0.0372625 0.999159 -0.206493
-0.0726089 0.997065 -0.0242821 -8.14848 -0.997225 -0.0729788 -0.0147079 5.17083 -0.0164368 0.0231467 0.999597 -0.188148
-0.0832651 0.996341 -0.0192768 -8.26849 -0.996425 -0.083518 -0.0127088 4.06305 -0.0142722 0.0181497 0.999733 -0.157733
-0.0771499 0.996676 -0.0261698 -8.392 -0.996729 -0.0777345 -0.0221092 3.00806 -0.02407 0.0243784 0.999413 -0.135976
0.190404 0.981261 -0.0295418 -8.25684 -0.981618 0.189898 -0.0191029 1.97432 -0.013135 0.032636 0.999381 -0.105068
0.65663 0.754207 -0.00296186 -7.68263 -0.754116 0.656479 -0.0185798 1.0318 -0.0120686 0.0144337 0.999823 -0.080123
0.978401 -0.203745 0.0349138 -6.64933 0.203559 0.979023 0.00884576 0.941268 -0.0359837 -0.00154767 0.999351 -0.0754502
0.269317 -0.962625 0.0286682 -6.09888 0.960235 0.270685 0.0684039 1.82099 -0.0736073 0.00910591 0.997246 -0.0867098
0.138088 -0.990324 0.0137795 -5.98562 0.988865 0.138637 0.054094 2.82576 -0.0554809 0.00615634 0.998441 -0.118311
0.106571 -0.994264 0.00906963 -5.86666 0.992427 0.106926 0.0604668 3.89938 -0.0610898 0.00255691 0.998129 -0.137817
0.00423087 -0.999853 0.0166251 -5.7752 0.997763 0.00532995 0.0666319 5.02376 -0.0667108 0.016306 0.997639 -0.161659
-0.212962 -0.977017 0.00922728 -5.96283 0.975116 -0.211933 0.0650579 6.02313 -0.0616071 0.0228525 0.997839 -0.186618
-0.909968 -0.413735 -0.0279583 -6.77305 0.410597 -0.908397 0.0788998 6.73792 -0.0580409 0.0603167 0.99649 -0.208192
-0.65091 0.756582 -0.0624474 -7.68073 -0.758488 -0.651582 0.0117357 6.1897 -0.0318105 0.0550045 0.997979 -0.205587
-0.182541 0.982544 -0.035875 -7.87293 -0.98302 -0.183081 -0.0123714 5.18851 -0.0187234 0.0330076 0.99928 -0.184154
-0.12081 0.992221 -0.0300312 -8.07905 -0.992546 -0.121227 -0.0124817 4.0971 -0.0160253 0.0282995 0.999471 -0.153958
0.283326 0.95897 -0.0101286 -7.93477 -0.958771 0.282993 -0.025935 2.97514 -0.0220046 0.0170591 0.999612 -0.126084
0.42261 0.906312 0.000400244 -7.55882 -0.905916 0.422439 -0.0293401 2.02454 -0.0267603 0.0120368 0.999569 -0.102423
0.825658 0.564129 0.00685904 -6.75594 -0.563979 0.825634 -0.0160165 1.2367 -0.0146984 0.00935581 0.999848 -0.0694189
0.999451 0.00393344 0.0329089 -5.76678 -0.00396073 0.999992 0.000764001 1.08399 -0.0329056 -0.000893924 0.999458 -0.0704673
0.992741 0.117791 0.0243003 -4.75578 -0.117923 0.993014 0.00408218 0.984057 -0.0236497 -0.00691812 0.999696 -0.0568841
0.983211 0.179042 0.0352209 -3.62933 -0.179354 0.983767 0.00589689 0.769857 -0.0335933 -0.0121149 0.999362 -0.0403728
0.976742 0.212777 0.0264912 -2.51892 -0.212954 0.977054 0.00401583 0.522144 -0.0250289 -0.00956384 0.999641 -0.032042
0.984117 0.17535 0.0276767 -1.45002 -0.175216 0.984504 -0.0072204 0.330907 -0.0285139 0.00225631 0.999591 -0.0237539
0.996597 0.0784566 0.0252857 -0.360971 -0.0784742 0.996916 -0.000298029 0.187993 -0.0252311 -0.00168726 0.99968 -0.0102905
0.994751 0.0931583 0.0423381 0.709069 -0.0929427 0.995647 -0.00703691 0.0455757 -0.0428094 0.00306495 0.999079 0.00680744
0.999668 0.00279027 0.0256086 1.76376 -0.00294459 0.999978 0.0059906 -0.00427802 -0.0255913 -0.00606402 0.999654 0.0236828
0.997799 0.0602473 0.0277183 2.82985 -0.0603636 0.998171 0.00338043 -0.0351157 -0.027464 -0.00504616 0.99961 0.0269942
0.99225 0.122355 0.0216531 3.90928 -0.122327 0.992486 -0.00261608 -0.170138 -0.0218105 -5.29596e-05 0.999762 0.0360996
0.99449 0.0989544 0.0346009 4.95723 -0.0993805 0.994991 0.0108163 -0.342212 -0.0333573 -0.0141954 0.999343 0.0528604
0.993127 0.11513 0.0210869 6.05378 -0.115336 0.993287 0.00882696 -0.502649 -0.0199291 -0.0111984 0.999739 0.0675675
0.996541 -0.0766705 0.0320457 7.13147 0.0760858 0.996919 0.0190856 -0.510754 -0.0334103 -0.0165814 0.999304 0.0810175
0.991667 -0.12451 0.0330765 8.16557 0.123872 0.992082 0.0206944 -0.438973 -0.0353913 -0.0164247 0.999239 0.0857649
0.959936 -0.277129 0.0415028 9.17151 0.276652 0.960821 0.0169539 -0.251726 -0.0445752 -0.00479286 0.998995 0.0865744
0.695249 -0.717416 0.044079 10.0125 0.716169 0.696642 0.0423295 0.354707 -0.0610751 0.00213846 0.998131 0.0702463
0.285774 -0.957855 0.0291198 10.4843 0.956586 0.286947 0.0510294 1.36477 -0.0572345 0.0132727 0.998273 0.0456466
-0.293157 -0.956005 0.0106399 10.2939 0.954328 -0.291936 0.063491 2.35382 -0.0575915 0.0287668 0.997926 0.024634
-0.269475 -0.963003 0.0027811 10.0225 0.96109 -0.268755 0.0638545 3.39933 -0.0607447 0.0198801 0.997955 0.00413618
0.203875 -0.978811 0.019091 10.0963 0.977105 0.204654 0.0581591 4.43158 -0.0608338 0.00679671 0.998125 -0.0267009
0.384524 -0.922774 0.0251075 10.4993 0.92068 0.385342 0.0621328 5.48535 -0.0670095 -0.0007755 0.997752 -0.047278
