#timestamp x y z qx qy qz qw
1787393407.25655127 -0.00443527 -0.00516339 0.00614195 0.00160097 0.01303908 -0.00037693 0.99991363
1787393410.35666108 1.12692693 -0.02303106 0.00658731 -0.00146071 0.01570492 0.00869711 0.99983778
1787393411.15655541 2.15058743 -0.05733137 0.02212923 -0.00547986 0.01905087 0.00168609 0.99980208
1787393412.05651236 3.20591147 -0.12293478 0.03286690 -0.00067772 0.00911337 -0.02298353 0.99969408
1787393412.85648346 4.23918356 -0.21095701 0.03770297 0.00049638 0.01247721 -0.02931730 0.99949216
1787393413.55652428 5.26117901 -0.30573565 0.04844291 -0.00393532 0.01538597 -0.02937648 0.99944225
1787393414.85658765 6.27701234 -0.40910620 0.06021938 -0.00448899 0.01201875 -0.03597509 0.99927033
1787393416.05660772 7.35378727 -0.52032804 0.07822399 -0.00530552 0.01822255 -0.03378366 0.99924895
1787393416.95657563 8.41278578 -0.49903997 0.08383699 -0.00412896 0.01820736 0.02334240 0.99955319
1787393417.85663748 9.48915860 -0.35223111 0.08412363 -0.00598902 0.02326212 0.15477438 0.98765778
1787393418.85647011 10.15797708 0.46098833 0.06991810 -0.01346789 0.03395105 0.55813584 0.82894531
1787393420.05645370 10.04083601 1.47879755 0.02966773 -0.01409175 0.02621872 0.75375697 0.65647881
1787393421.55649877 9.90771156 2.49963452 0.01549444 -0.01371416 0.02869015 0.76280826 0.64584236
1787393422.95623446 9.78093481 3.52451877 0.00026476 -0.01946244 0.02580466 0.75411070 0.65595151
1787393424.35643816 9.93570424 4.55036838 -0.02216384 -0.01668579 0.02654413 0.60972688 0.79199124
1787393425.85648680 10.40700080 5.50503869 -0.04930005 -0.01836238 0.02675850 0.51257570 0.85802853
1787393427.05653858 10.98297897 6.42635540 -0.07356525 -0.01115657 0.02692449 0.48405355 0.87455289
1787393428.25648093 11.30176993 7.41730433 -0.10959534 -0.01539662 0.02846780 0.61906927 0.78466921
1787393429.15654111 11.34214849 8.45055547 -0.12717063 -0.01307793 0.03172480 0.74841227 0.66234551
1787393430.05648756 10.95882442 9.39396821 -0.15155012 -0.02143551 0.03044052 0.85802246 0.51226102
1787393431.15642357 10.38877276 10.23940229 -0.16969535 -0.01988896 0.02774927 0.89373199 0.44730028
1787393432.85641360 9.44991213 10.65261759 -0.19235330 -0.02191749 0.02822063 0.99647692 0.07587470
1787393434.45640397 8.52068354 10.13513579 -0.17750792 0.01942174 -0.01579555 -0.93902346 0.34294058
1787393435.65636492 7.82617670 9.34672804 -0.16454165 0.02204831 -0.01391962 -0.87822107 0.47754358
1787393436.75635099 7.51444818 8.34491337 -0.14556624 0.01247601 -0.01208280 -0.80227476 0.59670225
1787393437.65598202 7.28916215 7.24132620 -0.12933285 0.01482270 -0.00621045 -0.74832884 0.66313322
1787393438.55643630 7.22078795 6.17787866 -0.09279837 0.01066967 -0.00419311 -0.70298955 0.71110778
1787393439.45646381 7.23815189 5.05092056 -0.06024060 0.01244061 -0.00564391 -0.70660182 0.70747950
1787393440.35641980 6.99918247 3.97781476 -0.02419718 0.01643199 -0.01073010 -0.81686847 0.57649003
1787393441.45645881 6.13199667 3.38553367 -0.02180503 0.02707616 -0.01382590 -0.97871805 0.20294507
1787393442.65643072 5.09965821 3.70043105 -0.03073759 -0.02469729 0.01869475 0.96953035 0.24300505
1787393443.55642772 4.75321204 4.68124112 -0.05672889 -0.01509512 0.02788360 0.76867418 0.63885417
1787393444.45627761 4.79911194 5.73543808 -0.09248624 -0.01677777 0.02686810 0.68558332 0.72730469
1787393445.35644078 4.96666071 6.78509248 -0.11493083 -0.01870248 0.03192231 0.64509512 0.76320605
1787393446.25639987 5.16171773 7.85287772 -0.15076529 -0.01780545 0.02569614 0.66784631 0.74364237
1787393447.15642190 5.08951969 8.90739616 -0.16813859 -0.02154352 0.02338594 0.77237965 0.63436476
1787393448.05631232 4.56855030 9.86044935 -0.19715842 -0.02110856 0.02823861 0.90140129 0.43154689
1787393448.95625281 3.66792134 10.45244417 -0.22570422 -0.02773468 0.02857477 0.98359887 0.17591912
1787393449.85645556 2.71324466 10.08308425 -0.22172759 0.01972852 -0.02065966 -0.94577865 0.32355325
1787393450.75634813 2.40333558 9.08636076 -0.20254194 0.01646541 -0.01209896 -0.77476599 0.63191785
1787393451.55627799 2.25848478 8.01388716 -0.18310583 0.01190320 -0.00721048 -0.71642074 0.69752967
1787393452.35479426 2.21312085 6.96237691 -0.14535361 0.01209959 -0.00519216 -0.70853910 0.70554871
1787393453.15632701 2.14534402 5.84282818 -0.11763411 0.01484633 -0.00095716 -0.72093659 0.69284132
1787393453.95624781 1.88600871 4.78022659 -0.08907996 0.02054212 -0.00407130 -0.80181795 0.59720132
1787393454.75629878 1.29002441 3.88966748 -0.08249410 0.01821323 -0.01030898 -0.89776261 0.43998215
1787393455.55619073 0.39511280 3.41874489 -0.07174652 0.01547176 -0.01086782 -0.98587469 0.16641396
1787393456.45624232 -0.59770962 3.89704190 -0.07887146 -0.02449285 0.01905225 0.93955316 0.34099411
1787393457.35617447 -0.67810265 4.98218297 -0.12816771 -0.02296213 0.02342006 0.65619815 0.75387547
1787393458.35627222 -0.41518862 6.06153109 -0.13876918 -0.01739349 0.02479331 0.62133597 0.78295873
1787393459.25632668 -0.18933078 7.09370795 -0.16109548 -0.02050653 0.02541301 0.65535766 0.75461248
1787393460.05629277 -0.24035555 8.22985335 -0.20460720 -0.02519442 0.02806718 0.75350921 0.65635459
1787393460.75632024 -0.66816953 9.22718915 -0.23239129 -0.02678001 0.02313507 0.87792670 0.47748541
1787393461.55618596 -1.42308883 9.89339514 -0.25684095 -0.02799156 0.02779027 0.94902696 0.31271714
1787393462.55620551 -2.45689964 10.25367282 -0.26634046 -0.01845078 0.02159740 0.99135206 0.12811795
1787393463.65613484 -3.49019412 10.23031679 -0.27395955 0.02248480 -0.02480063 -0.99796076 0.05434777
1787393464.55629778 -4.49362743 10.24899142 -0.28205718 -0.02574907 0.02483476 0.99935647 0.00261981
1787393465.45627308 -5.52584741 10.32899578 -0.30515446 -0.02549391 0.02452870 0.99869880 0.03673020
1787393466.35630774 -6.59001118 10.44888847 -0.30799462 -0.02655157 0.01597964 0.99824817 0.05040086
1787393467.35614562 -7.53410057 10.11085141 -0.31600740 0.02386787 -0.02131421 -0.92664218 0.37458016
1787393468.85617661 -7.11132819 9.13407604 -0.28848740 0.00680510 0.00195690 -0.36483184 0.93104650
1787393469.85631251 -6.08560247 9.11137946 -0.28523001 -0.00669696 0.01838626 -0.00590448 0.99979109
1787393470.75629830 -5.02293178 9.06977752 -0.27309504 -0.00412139 0.01339068 -0.01157904 0.99983480
1787393471.65617204 -4.00553486 9.01993225 -0.25702763 -0.00422543 0.00867525 -0.01002335 0.99990320
1787393472.55612922 -3.00077996 8.89296775 -0.23668823 -0.00683480 0.01677550 -0.08193362 0.99647316
1787393473.65613961 -2.58301957 7.90934423 -0.20822493 0.01487241 0.00717886 -0.71164317 0.70234698
1787393478.25616431 -3.62537773 7.77741572 -0.21167377 0.02494872 -0.01435659 -0.99767042 0.06184813
1787393479.85615754 -4.64574036 7.79682058 -0.23496507 -0.02746939 0.02003894 0.99941366 0.00402674
1787393481.35633278 -5.64766408 7.79045210 -0.24052695 0.02136267 -0.02215827 -0.99945808 0.01167009
1787393482.85617971 -6.67137265 7.63605828 -0.23849741 0.01978916 -0.01621099 -0.99321588 0.11343636
1787393484.45631623 -7.59711216 7.14997523 -0.23502576 0.01958403 -0.01498135 -0.95229353 0.30418588
1787393486.05625486 -8.05047111 6.20043851 -0.20649333 0.01824378 -0.00937179 -0.78654717 0.61718950
1787393487.35626459 -8.14848150 5.17083100 -0.18814824 0.01390059 -0.00288085 -0.73232244 0.68081005
1787393488.35619712 -8.26849116 4.06304624 -0.15773255 0.01139644 -0.00184826 -0.73595457 0.67693247
1787393489.45627737 -8.39200243 3.00805544 -0.13597640 0.01711452 -0.00077303 -0.73387625 0.67906711
1787393490.35627627 -8.25683782 1.97432295 -0.10506754 0.01676979 -0.00531782 -0.63621528 0.77131097
1787393491.25621748 -7.68262909 1.03180233 -0.08012295 0.00906890 0.00250165 -0.41434105 0.91007307
1787393492.15625548 -6.64933049 0.94126756 -0.07545020 -0.00261251 0.01782094 0.10238071 0.99458221
1787393493.05614424 -6.09887828 1.82099187 -0.08670975 -0.01861351 0.03210409 0.60358181 0.79643698
1787393493.85633206 -5.98561856 2.82576452 -0.11831081 -0.01589060 0.02295877 0.65607087 0.75418260
1787393494.65615106 -5.86665815 3.89938230 -0.13781713 -0.01947005 0.02358848 0.66795055 0.74357687
1787393495.45623922 -5.77519866 5.02376372 -0.16165924 -0.01776098 0.02941077 0.70499615 0.70837842
1787393496.25631666 -5.96282938 6.02312504 -0.18661802 -0.01682602 0.02823954 0.77825665 0.62708532
1787393497.15630817 -6.77305418 6.73792331 -0.20819209 -0.02201534 0.03563871 0.97658272 0.21102466
1787393498.05614114 -7.68073002 6.18969957 -0.20558669 0.02594177 -0.01836833 -0.90835996 0.41697939
1787393498.85632420 -7.87293073 5.18850942 -0.18415448 0.01775185 -0.00670954 -0.76891182 0.63907313
1787393499.65620661 -8.07905232 4.09710215 -0.15395788 0.01538122 -0.00528256 -0.74858340 0.66284117
1787393500.45640922 -7.93476607 2.97514195 -0.12608446 0.01342011 0.00370694 -0.59860118 0.80092621
1787393501.15620661 -7.55882221 2.02453963 -0.10242260 0.01226636 0.00805187 -0.53724312 0.84329979
1787393501.95619321 -6.75593881 1.23669527 -0.06941885 0.00663920 0.00564097 -0.29519312 0.95539789
1787393502.65619373 -5.76677948 1.08399360 -0.07046734 -0.00041454 0.01645590 -0.00197381 0.99986256
1787393503.35630560 -4.75578341 0.98405725 -0.05688412 -0.00275509 0.01200937 -0.05903605 0.99817981
1787393504.05618358 -3.62932937 0.76985721 -0.04037275 -0.00452201 0.01727639 -0.08997844 0.99578359
1787393504.75616932 -2.51892005 0.52214389 -0.03204202 -0.00341485 0.01295565 -0.10705778 0.99416252
1787393505.45625710 -1.45002345 0.33090673 -0.02375393 0.00237865 0.01410382 -0.08799193 0.99601850
1787393506.15619707 -0.36097144 0.18799295 -0.01029047 -0.00034760 0.01263998 -0.03926613 0.99914878
1787393506.85611844 0.70906926 0.04557567 0.00680744 0.00252879 0.02131494 -0.04658656 0.99868362
1787393507.55622625 1.76375857 -0.00427802 0.02368275 -0.00301392 0.01280110 -0.00143384 0.99991249
1787393508.25618052 2.82985356 -0.03511568 0.02699421 -0.00210781 0.01380321 -0.03016940 0.99944727
1787393508.95613027 3.90928450 -0.17013787 0.03609956 0.00064203 0.01088704 -0.06128944 0.99806045
1787393509.65625715 4.95723262 -0.34221230 0.05286044 -0.00626167 0.01701333 -0.04965312 0.99860198
1787393510.45631909 6.05378017 -0.50264880 0.06756747 -0.00501502 0.01027177 -0.05771655 0.99826757
1787393511.25668216 7.13147028 -0.51075396 0.08101755 -0.00892483 0.01637882 0.03822367 0.99909511
1787393511.95624709 8.16557078 -0.43897349 0.08576491 -0.00929960 0.01715348 0.06222783 0.99787122
1787393512.65622139 9.17151340 -0.25172556 0.08657440 -0.00549206 0.02173865 0.13985523 0.98991807
1787393513.35617924 10.01254364 0.35470680 0.07024627 -0.01091434 0.02855584 0.38930688 0.92060067
1787393514.15620828 10.48427074 1.36477158 0.04564656 -0.01177370 0.02692796 0.59698237 0.80171586
1787393515.15614724 10.29394033 2.35381509 0.02463402 -0.01460685 0.02870180 0.80358854 0.59431331
1787393516.15624666 10.02251963 3.39933343 0.00413618 -0.01819846 0.02628963 0.79627037 0.60409533
1787393517.05622911 10.09631126 4.43157643 -0.02670094 -0.01655420 0.02575992 0.63039594 0.77566961
1787393517.95632839 10.49926615 5.48534760 -0.04727797 -0.01890709 0.02768579 0.55405029 0.83180784
