#timestamp x y z qx qy qz qw
1787220057.97505260 -0.00148719 -0.00277697 -0.00039990 -0.00420192 0.01043758 0.00055616 0.99993654
1787220062.17504787 1.06993957 -0.07031316 0.00933670 -0.00154980 0.01255283 -0.02481980 0.99961193
1787220063.57506967 2.12292491 -0.01779669 0.01983207 -0.00261202 0.00615517 0.04939428 0.99875698
1787220065.17501307 3.14730941 0.16474324 0.02672303 -0.00632679 0.00793260 0.08696149 0.99616000
1787220068.07489586 4.21223706 0.28766151 0.03284637 -0.00758660 0.01365435 0.06811734 0.99755503
1787220069.87497592 5.26795159 0.30994259 0.04437618 -0.00758609 0.00961294 0.00581246 0.99990812
1787220070.87503767 6.30060170 0.28558598 0.04263883 -0.00507333 0.01340480 0.00228067 0.99989468
1787220072.07496405 7.38203639 0.45642658 0.04591249 -0.01003386 0.00969498 0.09641878 0.99524306
1787220073.07490778 8.46221095 0.60691280 0.05267518 -0.00581520 0.01787131 0.07840332 0.99674456
1787220073.87496376 9.45730189 1.09165363 0.04560252 -0.00440305 0.02674500 0.37356077 0.92720961
1787220075.07487464 9.27416723 2.15523477 0.00740980 -0.01041257 0.02858009 0.85504846 0.51765519
1787220075.87489152 8.76401532 3.05554396 -0.01817978 -0.01193987 0.02923943 0.86154165 0.50670355
1787220077.27489638 8.21139409 4.91682357 -0.03791567 -0.01547653 0.02056555 0.68639208 0.72677606
1787220078.47485161 9.08519265 7.03216187 -0.10730481 -0.01509725 0.02054782 0.45600635 0.88961119
1787220080.17489910 9.38866118 9.35734469 -0.16141710 -0.00848881 0.02654761 0.81954257 0.57234006
1787220082.57459331 8.71585532 10.94956369 -0.19336822 -0.01384815 0.02746862 0.91001838 0.41342502
1787220084.27435756 7.17408077 10.85593708 -0.21599239 0.02051572 -0.02500460 -0.98978528 0.13884872
1787220086.17487025 5.67868633 9.53224805 -0.19037404 0.01764147 -0.01482890 -0.77801001 0.62782904
1787220087.87464428 5.37024430 7.53131954 -0.14392715 0.01379820 -0.01125252 -0.77874580 0.62708689
1787220089.67489934 5.09962133 5.56489868 -0.08280668 0.01107194 -0.00918391 -0.75126218 0.65984711
1787220090.77475238 4.87307818 4.52059720 -0.05905282 0.01535440 -0.01072551 -0.77086615 0.63672175
1787220092.47487068 4.25905758 3.46627811 -0.04517646 0.01744904 -0.00212701 -0.94467667 0.32753167
1787220094.77430248 3.29605576 4.45395713 -0.06512833 -0.01903725 0.02069655 0.74784746 0.66327477
1787220096.57485580 3.52889715 6.11938779 -0.10305269 -0.01748454 0.02592844 0.66540671 0.74582566
1787220098.27472496 3.32527446 7.37952547 -0.14576544 -0.01819784 0.02865846 0.78043641 0.62431285
1787220100.07497025 2.99828257 9.32665472 -0.19446756 -0.01736962 0.02023341 0.77014695 0.63730886
1787220101.17474413 1.97052653 10.51407665 -0.24070385 -0.02312881 0.02547784 0.97133597 0.23520708
1787220103.57476807 0.63528988 10.14388795 -0.23628332 0.02056866 -0.01897487 -0.94932242 0.31305563
1787220104.57464433 0.19770360 8.88472951 -0.20234119 0.01572451 -0.01162920 -0.78922174 0.61379682
1787220106.87477589 0.23430371 7.43591940 -0.17300994 0.00985843 -0.00444620 -0.66566453 0.74617275
1787220108.57529211 0.29308656 6.08696334 -0.13184461 0.01230667 -0.00275189 -0.68665484 0.72687420
1787220109.67461014 0.28376983 4.90412555 -0.11187620 0.01686743 -0.00455051 -0.70421323 0.70977357
1787220112.07459998 0.21295620 3.44725178 -0.07514903 0.00977339 -0.00790425 -0.72791118 0.68555621
1787220118.37454224 -0.84105073 3.36194416 -0.07868577 -0.01248082 0.01112491 0.99953728 0.02541062
1787220120.17456985 -1.82752706 3.83972159 -0.09385746 -0.01945119 0.01643938 0.97174407 0.23465904
1787220121.07469392 -2.31963561 4.79381976 -0.12462598 -0.02065278 0.02473316 0.75103422 0.65947656
1787220122.27485919 -2.32731080 5.79504451 -0.15182947 -0.01944145 0.01885030 0.71486122 0.69874182
1787220123.67462158 -2.13936823 6.80501492 -0.17200510 -0.02019437 0.02205928 0.61118128 0.79092542
1787220125.07449865 -1.99503453 8.12739756 -0.20863342 -0.02146817 0.01952661 0.67669223 0.73569386
1787220126.07460308 -2.56097009 9.66045921 -0.24938334 -0.02060991 0.02135265 0.92317206 0.38323967
1787220128.37471271 -3.99491953 10.56658542 -0.29232633 -0.01452233 0.03055603 0.99232847 0.11891025
1787220130.07449126 -5.97134808 10.40400304 -0.31500658 0.02328512 -0.02362505 -0.99765414 0.05988216
1787220131.77472806 -8.23895512 10.30268619 -0.29991332 0.01757854 -0.02807551 -0.99945001 0.00156069
1787220133.47460508 -9.70991830 9.78313165 -0.30491917 0.01686907 -0.01609578 -0.87808136 0.47794297
1787220135.17441750 -9.00369702 8.90515604 -0.30004145 0.00728454 0.00265633 -0.23207454 0.97266710
1787220136.17485690 -7.40435043 8.74647184 -0.27301795 -0.00625165 0.01077339 -0.01732166 0.99977238
1787220137.87442470 -5.64269697 8.73867194 -0.24462538 -0.00331062 0.00478259 0.01449342 0.99987805
1787220139.57444072 -4.02397355 8.34330391 -0.21644841 -0.00214566 0.01009462 -0.27992561 0.95996622
1787220141.87455487 -4.55231306 7.01140118 -0.19657756 0.02274327 -0.00713957 -0.97052470 0.23981987
1787220143.47447252 -5.85523342 7.14488420 -0.21378876 -0.02181074 0.01465556 0.99896016 0.03725729
1787220145.17556643 -7.31358685 7.33361117 -0.22026434 -0.01595651 0.01542437 0.99960463 0.01726429
1787220146.27437520 -8.45016976 6.66477749 -0.22713632 0.01211688 -0.01347442 -0.93219455 0.36150374
1787220148.57447600 -9.22721679 5.12754232 -0.18167130 0.01556364 -0.00803542 -0.81615133 0.57757269
1787220149.57446122 -9.14530075 3.31679563 -0.14030662 0.00674382 -0.00472529 -0.65205781 0.75812453
1787220151.87482262 -9.02614246 1.15582259 -0.09394231 0.00842092 -0.00208204 -0.68717188 0.72644309
1787220153.57436967 -7.53740454 0.43877046 -0.05251048 -0.00312373 0.01807209 0.21025888 0.97747371
1787220154.67435050 -7.34859924 2.49790427 -0.11355546 -0.01270092 0.02249043 0.75198184 0.65867760
1787220156.97428751 -7.43120087 4.78290557 -0.15862582 -0.01336364 0.02824131 0.71658498 0.69679969
1787220158.67442417 -8.02247304 6.60356796 -0.21435109 -0.01843558 0.03571963 0.96130160 0.27254994
1787220160.37432051 -9.04089086 5.45704515 -0.18439471 0.01714900 -0.01073571 -0.80699005 0.59021836
1787220161.37443709 -8.99499076 3.42005468 -0.15000493 0.01041711 -0.00933871 -0.66718942 0.74475671
1787220163.07430434 -8.73394912 1.08693665 -0.09261292 0.01002122 -0.00657691 -0.56354360 0.82599935
1787220165.47439003 -6.63804228 0.27944329 -0.03702761 0.00011055 0.01078442 -0.01095292 0.99988185
1787220167.07446337 -4.23653928 0.06380297 -0.03179686 -0.00333889 0.01024216 -0.01050175 0.99988683
1787220168.77447891 -1.88614207 0.11797351 -0.02265093 0.00417864 0.01139909 -0.05076306 0.99863693
1787220169.87431765 0.37632837 0.10942758 0.00033141 -0.00498911 0.00660268 -0.00539814 0.99995119
1787220172.27433324 2.71585193 0.11460471 0.01278112 -0.00202136 0.01143972 0.02804848 0.99953906
1787220174.07435369 4.97459982 0.11301541 0.03927392 -0.00570150 0.00807848 -0.00506367 0.99993829
1787220175.77432513 6.73030631 0.19180436 0.05361499 -0.00848248 0.01301115 0.08571942 0.99619824
1787220176.87433791 8.23942252 0.37091019 0.05085055 -0.00566197 0.01852531 0.06942417 0.99739914
1787220183.17427206 9.16775597 0.87689650 0.04945936 -0.00938353 0.02138161 0.35437813 0.93481063
1787220184.57437396 9.14084424 1.89269808 0.00753032 -0.01232904 0.02543145 0.79837140 0.60150174
1787220185.77446747 8.71944278 2.89619836 -0.01132663 -0.01436019 0.02641351 0.81439106 0.57953715
1787220187.17428446 8.12282414 3.77945499 -0.02733969 -0.01804652 0.02069842 0.89618586 0.44282818
1787220188.37487960 7.76352982 4.74091479 -0.04345276 -0.01528095 0.01956581 0.78682750 0.61667345
1787220189.57420087 8.22424467 5.69476659 -0.06711640 -0.01672343 0.02101721 0.53699576 0.84315726
1787220194.17439675 8.76255125 6.60522704 -0.09518593 -0.01371797 0.01959113 0.49149877 0.87054981
1787220194.97430730 9.15143777 7.57514361 -0.10966890 -0.01302515 0.02375055 0.61637478 0.78698690
1787220196.37455440 8.34654709 9.50124467 -0.16695360 -0.01341243 0.02996726 0.93422868 0.35516030
1787220200.27441549 8.11158066 10.48090061 -0.20182089 -0.01178770 0.02477306 0.80347790 0.59470211
1787220204.87434912 7.12028482 10.67439921 -0.20283108 0.01736773 -0.02416142 -0.99761515 0.06227841
