0.999781 -0.00119996 0.0208692 -0.00148719 0.00102453 0.999964 0.00841491 -0.00277697 -0.0208785 -0.00839169 0.999747 -0.000399904
0.998453 0.0495814 0.0251729 1.06994 -0.0496593 0.998763 0.00247528 -0.0703132 -0.025019 -0.00372152 0.99968 0.0093367
0.995045 -0.0986979 0.012037 2.12292 0.0986336 0.995107 0.00582561 -0.0177967 -0.0125531 -0.00460949 0.999911 0.0198321
0.98475 -0.173355 0.0147039 3.14731 0.173155 0.984795 0.0139847 0.164743 -0.0169047 -0.0112253 0.999794 0.026723
0.990347 -0.136109 0.0262084 4.21224 0.135694 0.990605 0.0169963 0.287662 -0.0282755 -0.0132759 0.999512 0.0328464
0.999748 -0.0117697 0.0191359 5.26795 0.011478 0.999817 0.0152825 0.309943 -0.0193123 -0.015059 0.9997 0.0443762
0.99963 -0.00469688 0.0267836 6.3006 0.00442485 0.999938 0.0102067 0.285586 -0.0268299 -0.0100844 0.999589 0.0426388
0.981219 -0.192115 0.0173628 7.38204 0.191726 0.981205 0.0218418 0.456427 -0.0212326 -0.0181027 0.999611 0.0459125
0.987067 -0.156504 0.0347144 8.46221 0.156088 0.987638 0.0143949 0.606913 -0.0365381 -0.00879019 0.999294 0.0526752
0.719474 -0.692974 0.0463068 9.4573 0.692503 0.720866 0.0281469 1.09165 -0.0528861 0.0118167 0.998531 0.0456025
-0.463849 -0.885836 0.0117828 9.27417 0.884645 -0.462433 0.059655 2.15523 -0.0473958 0.0380945 0.99815 0.0074098
-0.486218 -0.873791 0.00905805 8.76402 0.872394 -0.484793 0.0624819 3.05554 -0.0502048 0.038282 0.998005 -0.0181798
0.0568859 -0.998343 0.00864717 8.21139 0.99707 0.0572528 0.050728 4.91682 -0.051139 0.00573612 0.998675 -0.0379157
0.583272 -0.811957 0.0227903 9.08519 0.810716 0.583661 0.0456012 7.03216 -0.050328 -0.00812149 0.9987 -0.107305
-0.34471 -0.938565 0.0164746 9.38866 0.937663 -0.343444 0.0532308 9.35734 -0.0443024 0.0337968 0.998446 -0.161417
-0.657776 -0.75321 -0.00249171 8.71586 0.751688 -0.65665 0.0614442 10.9496 -0.0479166 0.0385436 0.998107 -0.193368
-0.9606 0.273835 -0.047556 7.17408 -0.275887 -0.960192 0.0438012 10.8559 -0.0336686 0.0551955 0.997908 -0.215992
-0.211039 0.976391 -0.0460705 5.67869 -0.977438 -0.211222 0.000922404 9.53225 -0.00883046 0.0452257 0.998938 -0.190374
-0.213143 0.976372 -0.0356032 5.37024 -0.976993 -0.213271 0.000220366 7.53132 -0.00737796 0.034831 0.999366 -0.143927
-0.128958 0.991233 -0.0287558 5.09962 -0.99164 -0.129035 -0.000812529 5.5649 -0.00451591 0.0284106 0.999586 -0.0828067
-0.188699 0.981325 -0.0373307 4.87308 -0.981984 -0.188941 -0.0030171 4.5206 -0.010014 0.0360888 0.999298 -0.0590528
-0.784837 0.618749 -0.0343607 4.25906 -0.618897 -0.785437 -0.00741156 3.46628 -0.0315741 0.0154489 0.999382 -0.0451765
-0.119408 -0.992845 -0.00101893 3.29606 0.991269 -0.119276 0.0562096 4.45396 -0.0559289 0.00570186 0.998418 -0.0651283
0.113123 -0.993461 0.0154075 3.5289 0.991648 0.113856 0.0605868 6.11939 -0.0619449 0.00842508 0.998044 -0.103053
-0.219805 -0.975516 0.00737918 3.32527 0.97343 -0.218824 0.0674545 7.37953 -0.0641882 0.0220099 0.997695 -0.145765
-0.187071 -0.982346 -0.000964455 2.99828 0.98094 -0.186856 0.053305 9.32665 -0.0525442 0.00902578 0.998578 -0.194468
-0.888285 -0.458109 -0.0329465 1.97053 0.455752 -0.888057 0.0603752 10.5141 -0.0569168 0.038615 0.997632 -0.240704
-0.803146 0.593601 -0.050933 0.63529 -0.595162 -0.803272 0.0231483 10.1439 -0.0271722 0.0489048 0.998434 -0.236283
-0.246012 0.968478 -0.0390962 0.197704 -0.969209 -0.246236 -0.000947264 8.88473 -0.0105443 0.0376593 0.999235 -0.202341
0.113742 0.993314 -0.0197601 0.234304 -0.993489 0.113587 -0.00879283 7.43592 -0.00648955 0.0206315 0.999766 -0.17301
0.0569951 0.998156 -0.0209014 0.293087 -0.998291 0.0567073 -0.0141116 6.08696 -0.0129003 0.02167 0.999682 -0.131845
0.00812605 0.99951 -0.0302162 0.28377 -0.999817 0.00759844 -0.0175351 4.90413 -0.0172969 0.0303532 0.99939 -0.111876
-0.0598343 0.997894 -0.0250659 0.212956 -0.998203 -0.0599004 -0.00189324 3.44725 -0.00339071 0.0249076 0.999684 -0.075149
-0.998397 -0.0510754 -0.0243847 -0.841051 0.05052 -0.998461 0.0228738 3.36194 -0.0255155 0.0216052 0.999441 -0.0786858
-0.889114 -0.456697 -0.0300878 -1.82753 0.455418 -0.88933 0.0410785 3.83972 -0.0455184 0.022821 0.998703 -0.0938575
-0.129328 -0.991601 0.00159998 -2.31964 0.989557 -0.128958 0.0643909 4.79382 -0.0636438 0.00991084 0.997923 -0.124626
-0.0227638 -0.99974 -0.0014529 -2.32731 0.998274 -0.0228091 0.0541198 5.79504 -0.0541389 -0.000218416 0.998533 -0.151829
0.251942 -0.967689 0.0102096 -2.13937 0.965907 0.252099 0.0589089 6.80501 -0.0595793 -0.00498005 0.998211 -0.172005
0.0834127 -0.996515 -0.000323478 -1.99503 0.994838 0.0832535 0.058015 8.1274 -0.0577859 -0.005161 0.998316 -0.208633
-0.705405 -0.708472 -0.0216866 -2.56097 0.706712 -0.705343 0.0552214 9.66046 -0.0544193 0.0236273 0.998239 -0.249383
-0.971299 -0.236884 -0.021555 -3.99492 0.235109 -0.969853 0.0640969 10.5666 -0.0360887 0.0571895 0.997711 -0.292326
-0.991744 0.118383 -0.0492904 -5.97135 -0.120584 -0.991712 0.0443505 10.404 -0.0436316 0.049928 0.997799 -0.315007
-0.999377 0.00213262 -0.0352254 -8.23896 -0.00410672 -0.998419 0.0560653 10.3027 -0.0350501 0.056175 0.997806 -0.299913
-0.542572 0.838803 -0.0450106 -9.70992 -0.839889 -0.542623 0.0121419 9.78313 -0.0142391 0.0443917 0.998913 -0.304919
0.892269 0.451501 0.00178634 -9.0037 -0.451424 0.892177 -0.0154038 8.90516 -0.00854857 0.0129379 0.99988 -0.300041
0.999168 0.0345007 0.0217585 -7.40435 -0.0347701 0.999322 0.0121272 8.74647 -0.0213253 -0.0128737 0.99969 -0.273018
0.999534 -0.029015 0.00946804 -5.6427 0.0289516 0.999558 0.00675906 8.73867 -0.00965997 -0.0064818 0.999932 -0.244625
0.84308 0.537395 0.0205822 -4.02397 -0.537482 0.843274 -0.00153196 8.3433 -0.0181797 -0.00977101 0.999787 -0.216448
-0.883938 0.465177 -0.0475702 -4.55231 -0.465827 -0.884871 0.00294967 7.0114 -0.0407214 0.0247668 0.998864 -0.196578
-0.996272 -0.0750764 -0.0424841 -5.85523 0.0737978 -0.996794 0.0309059 7.14488 -0.0446682 0.0276554 0.998619 -0.213789
-0.998895 -0.0350072 -0.0313678 -7.31359 0.0340227 -0.998928 0.0313875 7.33361 -0.032433 0.0302856 0.999015 -0.220264
-0.738336 0.673657 -0.0323327 -8.45017 -0.67431 -0.738267 0.016361 6.66478 -0.0128485 0.0338822 0.999343 -0.227136
-0.332335 0.942523 -0.0346866 -9.22722 -0.943024 -0.33269 -0.00486203 5.12754 -0.0161225 0.0310945 0.999386 -0.181671
0.149597 0.988618 -0.0159594 -9.1453 -0.988746 0.14955 -0.00406299 3.3168 -0.00163001 0.0163876 0.999864 -0.140307
0.055581 0.998347 -0.0145982 -9.02614 -0.998418 0.0554478 -0.0093732 1.15582 -0.00854827 0.0150961 0.99985 -0.0939423
0.910929 -0.411158 0.0340164 -7.5374 0.410932 0.911563 0.0137064 0.43877 -0.0366436 0.00149292 0.999327 -0.0525105
-0.131965 -0.991198 0.0105262 -7.3486 0.990056 -0.131276 0.0505564 2.4979 -0.0487296 0.0170932 0.998666 -0.113555
-0.0285832 -0.999387 0.0202047 -7.4312 0.997878 -0.0273452 0.0590981 4.78291 -0.0585094 0.021851 0.998048 -0.158626
-0.850753 -0.525322 -0.0159735 -8.02247 0.522688 -0.848881 0.0787239 6.60357 -0.0549151 0.0586254 0.996768 -0.214351
-0.302696 0.952232 -0.040351 -9.04089 -0.952969 -0.303054 -0.00291608 5.45705 -0.0150053 0.0375705 0.999181 -0.184395
0.109542 0.993593 -0.0278105 -8.99499 -0.993982 0.1095 -0.00305505 3.42005 9.7589e-06 0.0279778 0.999609 -0.150005
0.364751 0.930841 -0.0221598 -8.73395 -0.931105 0.364636 -0.00914228 1.08694 -0.000429732 0.0239678 0.999713 -0.0926129
0.999527 0.0219056 0.0215639 -6.63804 -0.0219009 0.99976 -0.000457324 0.279443 -0.0215687 -1.51596e-05 0.999767 -0.0370276
0.99957 0.0209327 0.0205521 -4.23654 -0.0210695 0.999757 0.00646191 0.063803 -0.0204119 -0.00689215 0.999768 -0.0317969
0.994586 0.101483 0.0223429 -1.88614 -0.101292 0.994811 -0.0095032 0.117974 -0.0231914 0.00718859 0.999705 -0.0226509
0.999855 0.0107299 0.0132586 0.376328 -0.0108616 0.999892 0.00990645 0.109428 -0.0131509 -0.010049 0.999863 0.000331413
0.998165 -0.0561174 0.0227555 2.71585 0.0560249 0.998418 0.00468259 0.114605 -0.0229823 -0.00339913 0.99973 0.0127811
0.999818 0.0100346 0.0162137 4.9746 -0.0102188 0.999884 0.0113205 0.113015 -0.0160982 -0.0114841 0.999804 0.0392739
0.984966 -0.171008 0.0244691 6.73031 0.170566 0.98516 0.0191311 0.191804 -0.0273776 -0.0146698 0.999518 0.053615
0.989674 -0.138697 0.0361681 8.23942 0.138277 0.990296 0.0138667 0.37091 -0.0377404 -0.00872229 0.99925 0.0508506
0.747918 -0.662954 0.0333249 9.16776 0.662152 0.748656 0.032698 0.876896 -0.0466262 -0.0023893 0.99891 0.0494594
-0.276087 -0.961071 0.0109078 9.14084 0.959816 -0.275098 0.0554394 1.8927 -0.0502804 0.0257756 0.998402 0.00753032
-0.327861 -0.944698 0.0072256 8.71944 0.943181 -0.326878 0.0596664 2.8962 -0.0540048 0.0263773 0.998192 -0.0113266
-0.607155 -0.79446 -0.0140144 8.12282 0.792966 -0.60695 0.0530823 3.77945 -0.0506778 0.0211163 0.998492 -0.0273397
-0.238961 -0.971029 8.44878e-05 7.76353 0.969833 -0.238662 0.0496365 4.74091 -0.0481784 0.0119431 0.998767 -0.0434528
0.422388 -0.906247 0.0174808 8.22424 0.904841 0.422712 0.0507733 5.69477 -0.0534024 -0.00562865 0.998557 -0.0671164
0.51609 -0.856286 0.0206254 8.76255 0.855211 0.516482 0.0431424 6.60523 -0.0475948 -0.00462633 0.998856 -0.0951859
0.239036 -0.970776 0.021326 9.15144 0.969539 0.239825 0.0497797 7.57514 -0.0534395 0.00877724 0.998533 -0.109669
-0.747363 -0.664406 -0.00377419 8.34655 0.662798 -0.745926 0.0655197 9.50124 -0.0463469 0.0464654 0.997844 -0.166954
-0.292381 -0.956244 0.0105229 8.11158 0.955076 -0.291431 0.0538296 10.4809 -0.0484075 0.0257889 0.998495 -0.201821
-0.99164 0.123421 -0.0376621 7.12028 -0.125099 -0.991075 0.0460443 10.6744 -0.0316432 0.0503709 0.998229 -0.202831
