0.998891 0.000483891 0.0470796 0.00172959 0.000774601 0.999643 -0.0267093 0.00122898 -0.0470757 0.0267161 0.998534 -0.00359171
0.997111 -0.0552514 0.0521183 1.09595 0.0555001 0.998453 -0.00333461 -0.00938637 -0.0518534 0.00621755 0.998635 0.0128166
0.998889 -0.0376444 0.0283576 2.19457 0.0379369 0.999232 -0.00984636 0.0020795 -0.0279651 0.0109112 0.999549 0.0308775
0.999305 -0.0035746 0.037091 3.26017 0.00410435 0.999891 -0.0142162 -0.0453318 -0.0370361 0.0143586 0.999211 0.0441764
0.999068 -0.000329822 0.0431561 4.30388 0.000285343 0.999999 0.0010368 -0.0874936 -0.0431564 -0.00102352 0.999068 0.0483394
0.998134 0.049748 0.0354075 5.33809 -0.0497856 0.99876 0.000179422 -0.184398 -0.0353547 -0.00194187 0.999373 0.0622083
0.996822 0.067348 0.0425374 6.41218 -0.0673953 0.997726 -0.00032325 -0.29575 -0.0424625 -0.0025446 0.999095 0.0773968
0.99612 -0.079273 0.0382255 7.45986 0.0792676 0.996852 0.00165866 -0.303537 -0.0382367 0.00137783 0.999268 0.0909524
0.950482 -0.305044 0.0594218 8.48732 0.305023 0.952296 0.00964774 -0.115696 -0.0595301 0.00895502 0.998186 0.0878545
0.559191 -0.827309 0.0535222 9.25301 0.825713 0.561563 0.0533306 0.530498 -0.074177 0.014372 0.997142 0.0671085
-0.14864 -0.988662 0.021318 9.16746 0.986685 -0.146834 0.0699417 1.57573 -0.0660185 0.0314303 0.997323 0.0371136
-0.420694 -0.90716 0.00880144 8.79719 0.904764 -0.418832 0.0773385 2.58043 -0.0664721 0.0404991 0.996966 0.0160099
-0.0383512 -0.999106 0.0177952 8.64256 0.997146 -0.0371051 0.0657435 3.70574 -0.0650244 0.0202658 0.997678 -0.00468716
0.390707 -0.919452 0.044221 9.28939 0.917311 0.392902 0.0645643 5.32113 -0.0767383 0.0153387 0.996933 -0.0400701
0.349655 -0.935846 0.0439863 10.1096 0.933706 0.351947 0.0657775 7.01451 -0.0770385 0.0180709 0.996864 -0.0840329
-0.231767 -0.972561 0.0202026 10.2371 0.970209 -0.2296 0.0773198 8.62001 -0.0705598 0.0375209 0.996802 -0.128355
-0.668728 -0.743395 -0.0129144 9.33613 0.740546 -0.667513 0.07758 10.2221 -0.0662931 0.0423162 0.996902 -0.168932
-0.996252 -0.0683911 -0.052967 8.36885 0.0651576 -0.996037 0.0605399 10.6113 -0.0568975 0.0568618 0.996759 -0.189687
-0.694149 0.716835 -0.0656109 6.81648 -0.718795 -0.695153 0.00975777 9.73057 -0.0386149 0.0539342 0.997798 -0.17687
0.001082 0.999248 -0.0387568 6.41485 -0.999528 -0.000109332 -0.0307233 7.6453 -0.0307045 0.0387717 0.998776 -0.125528
-0.191813 0.980779 -0.0357807 5.9733 -0.981331 -0.192187 -0.00729772 4.60645 -0.0140341 0.0337129 0.999333 -0.0437351
-0.748511 -0.661821 -0.041525 3.93107 0.659517 -0.749502 0.0573088 3.45045 -0.0690512 0.0155098 0.997493 -0.0397062
0.00822001 -0.999862 0.0144217 4.12194 0.997338 0.00924245 0.0723251 6.42949 -0.0724485 0.0137888 0.997277 -0.10964
-0.0895798 -0.995957 0.00666609 4.10282 0.993344 -0.0888543 0.073292 9.14919 -0.0724034 0.0131872 0.997288 -0.183655
-0.970726 0.23393 -0.0544804 1.94753 -0.236194 -0.970899 0.0395965 10.3524 -0.0436322 0.0513053 0.997729 -0.242478
0.186759 0.982145 -0.0226278 1.04768 -0.982268 0.186298 -0.0210384 8.23227 -0.0164472 0.0261556 0.999523 -0.186532
-0.0364894 0.998822 -0.0319795 1.1163 -0.999116 -0.0371314 -0.0197147 5.20595 -0.0208789 0.0312318 0.999294 -0.110138
-0.946144 -0.31984 -0.0501483 -0.455879 0.318395 -0.94732 0.0347692 3.58022 -0.0586271 0.0169297 0.998136 -0.0866636
-0.418779 -0.907947 -0.0160383 -2.57631 0.905732 -0.418899 0.0645966 5.10289 -0.0653687 0.0125252 0.997783 -0.151817
0.440768 -0.897343 0.0223479 -1.84219 0.89513 0.441262 0.0634922 6.70771 -0.0668356 -0.00798098 0.997732 -0.17544
-0.0326368 -0.999453 0.00540741 -1.44529 0.996597 -0.0321328 0.0759067 8.59095 -0.0756914 0.00786636 0.9971 -0.226061
-0.765595 -0.642778 -0.0264603 -2.4432 0.640001 -0.765172 0.0700672 10.1601 -0.0652843 0.0367085 0.997191 -0.266083
-0.980385 0.190068 -0.0521422 -4.40856 -0.19197 -0.980803 0.0342411 10.3565 -0.0446331 0.0435792 0.998052 -0.294708
-0.998178 -0.0310898 -0.0517111 -6.43697 0.0286046 -0.998432 0.0481259 10.4403 -0.0531262 0.046559 0.997502 -0.321732
-0.946781 0.31793 -0.0502582 -8.45355 -0.32031 -0.946006 0.0497316 10.4312 -0.0317334 0.0631832 0.997497 -0.334219
0.949189 0.314449 0.0127522 -7.94845 -0.314318 0.94925 -0.0113166 9.13453 -0.0156635 0.00673334 0.999855 -0.300391
0.992323 0.119604 0.031449 -6.21555 -0.119749 0.9928 0.00276144 9.02668 -0.0308923 -0.00650622 0.999502 -0.298021
0.993182 0.114299 0.0229071 -4.47216 -0.114553 0.993366 0.010092 8.75052 -0.0216017 -0.0126473 0.999687 -0.256251
0.0399475 0.998981 -0.0209907 -3.46386 -0.999044 0.039559 -0.0186098 7.68313 -0.0177605 0.0217141 0.999606 -0.215919
-0.989101 -0.140253 -0.0448037 -4.50433 0.138741 -0.989701 0.0352507 7.78217 -0.0492862 0.0286504 0.998374 -0.231386
-0.9875 0.146645 -0.0577816 -5.51662 -0.148661 -0.988362 0.0322633 7.70198 -0.0523779 0.0404498 0.997808 -0.238738
-0.998039 0.0454102 -0.0430735 -6.56098 -0.0468649 -0.998343 0.0333858 7.6655 -0.0414861 0.035339 0.998514 -0.252478
-0.993781 0.100064 -0.0488534 -7.56909 -0.101884 -0.994133 0.0363112 7.643 -0.0449334 0.0410628 0.998146 -0.258483
-0.794804 0.604287 -0.0558888 -9.07336 -0.605819 -0.795468 0.0146149 6.97264 -0.0356262 0.0454745 0.99833 -0.248016
-0.179295 0.983127 -0.0362621 -9.36119 -0.983635 -0.17981 -0.0114635 5.9821 -0.0177904 0.0336133 0.999277 -0.222763
0.120807 0.992542 -0.0163008 -9.39695 -0.99259 0.120565 -0.0151231 4.91989 -0.013045 0.018007 0.999753 -0.211792
0.10649 0.994177 -0.0164873 -9.27438 -0.99429 0.106358 -0.0086869 3.74108 -0.00688276 0.0173182 0.999826 -0.171386
0.425922 0.904686 -0.0115776 -8.91246 -0.904585 0.425553 -0.0251138 1.53743 -0.0177932 0.0211694 0.999618 -0.123368
0.744927 -0.665798 0.0423798 -7.10904 0.664841 0.74613 0.0357164 1.47094 -0.0554007 0.00156971 0.998463 -0.0935021
-0.012194 -0.999923 0.00240077 -7.05396 0.998145 -0.012029 0.0596812 3.54118 -0.0596477 0.00312406 0.998215 -0.152618
-0.436616 -0.899647 0.00104523 -7.15672 0.897214 -0.435349 0.0740175 6.52073 -0.0661346 0.0332551 0.997256 -0.214567
-0.240796 0.969835 -0.0379062 -8.9379 -0.97019 -0.241618 -0.0187629 5.92894 -0.0273557 0.0322582 0.999105 -0.226505
0.35125 0.936258 -0.00667291 -8.76693 -0.936223 0.351139 -0.0137257 2.61239 -0.0105077 0.0110685 0.999884 -0.132053
0.993291 -0.110499 0.0341121 -6.4854 0.110298 0.993869 0.00772343 0.955918 -0.0347563 -0.00390911 0.999388 -0.0773853
0.980202 0.196527 0.0240972 -3.50041 -0.196655 0.980468 0.00307654 0.499688 -0.0230219 -0.00775448 0.999705 -0.0451301
0.991654 0.124834 0.0322381 -0.420527 -0.124516 0.992149 -0.0117016 0.0696392 -0.0334458 0.00758979 0.999412 0.00428795
0.990238 0.138147 0.0185505 2.20342 -0.138232 0.990394 0.00332913 -0.34624 -0.0179124 -0.00586089 0.999822 0.0365768
0.987694 0.154525 0.0241293 3.48678 -0.154526 0.987987 -0.00185014 -0.599139 -0.0241253 -0.00190122 0.999707 0.0565923
0.992205 -0.118351 0.0390253 4.46316 0.117738 0.992888 0.0176473 -0.49698 -0.0408363 -0.012915 0.999082 0.0572459
0.988951 -0.144258 0.0341443 5.44991 0.143698 0.989452 0.0183221 -0.39271 -0.0364273 -0.0132132 0.999249 0.07301
0.999212 0.0194953 0.0345821 4.41693 -0.0197877 0.999771 0.00813274 -0.211166 -0.0344156 -0.00881063 0.999369 0.0545794
0.996621 0.0767974 0.0291475 3.34373 -0.0768255 0.997045 -0.000156018 -0.174996 -0.0290734 -0.00208378 0.999575 0.0465066
0.998812 0.0417695 0.0250937 1.89775 -0.0418471 0.999121 0.00257473 -0.0705476 -0.0249641 -0.00362176 0.999682 0.0197756
0.999279 0.0190354 0.0328541 0.890436 -0.01923 0.999799 0.00561774 -0.0270896 -0.0327405 -0.00624548 0.999444 0.014815
0.999648 -0.00105584 0.026508 -0.824284 0.00129576 0.999958 -0.00903524 0.00444714 -0.0264973 0.00906641 0.999608 -0.00972961
