0.999995 0.00315177 -0.00031081 -0.00947358 -0.00315036 0.999985 0.00446083 0.00607064 0.000324865 -0.00445983 0.99999 0.00798257
0.874484 0.485053 -0.00114468 0.990117 -0.485054 0.874484 -0.00104185 -0.376097 0.000495651 0.00146631 0.999999 0.0183677
0.981239 0.192781 0.002228 2.01184 -0.192784 0.98124 0.00136536 -0.71104 -0.00192299 -0.00176927 0.999997 0.0298564
0.997937 -0.0640213 0.0048781 3.04267 0.0639867 0.997927 0.00694877 -0.751595 -0.00531286 -0.0066223 0.999964 0.0414286
0.95637 -0.292107 0.00551151 4.08397 0.292043 0.956352 0.0101332 -0.574105 -0.00823093 -0.00808152 0.999933 0.0505209
0.950088 -0.311691 0.0134378 5.0671 0.31154 0.950154 0.0122267 -0.252602 -0.0165789 -0.00742999 0.999835 0.0408457
0.999187 -0.0378732 0.0138028 6.06995 0.037827 0.999278 0.00359795 -0.192681 -0.0139291 -0.00307291 0.999898 0.0460928
0.99739 -0.0721313 0.00332603 7.11913 0.0721057 0.99737 0.0072705 -0.117026 -0.00384171 -0.00701169 0.999968 0.0488087
0.979943 0.199001 0.0104811 8.16893 -0.19921 0.979619 0.0257399 -0.206421 -0.00514525 -0.0273116 0.999614 0.05581
0.955916 0.293576 0.00613585 9.16152 -0.293629 0.955855 0.011137 -0.513385 -0.00259544 -0.0124477 0.999919 0.0679268
0.570145 0.821472 0.0108709 9.927 -0.821509 0.570192 -0.00166796 -1.26009 -0.00756871 -0.00797961 0.99994 0.0926539
0.218783 0.975768 0.00334076 10.183 -0.975773 0.218777 0.00186864 -2.33798 0.00109247 -0.00366865 0.999993 0.11635
-0.573135 0.819356 -0.0130887 9.84883 -0.819386 -0.573225 -0.00436045 -3.36834 -0.0110756 0.00822561 0.999905 0.138156
-0.984722 0.173069 -0.0192218 8.86369 -0.173523 -0.984506 0.0252441 -3.64503 -0.014555 0.0281938 0.999497 0.135595
-0.988097 -0.151564 -0.0263379 7.82113 0.151037 -0.988306 0.0209701 -3.65989 -0.0292082 0.0167424 0.999433 0.130187
-0.968587 -0.248423 -0.011189 6.83325 0.247819 -0.968006 0.0393736 -3.39442 -0.0206123 0.0353639 0.999162 0.115914
-0.956626 -0.291249 -0.00634464 5.7652 0.290923 -0.956237 0.0312305 -3.06509 -0.0151628 0.0280301 0.999492 0.107195
-0.602122 -0.798345 -0.00974035 5.05779 0.797171 -0.601825 0.0482302 -2.23595 -0.0443663 0.0212757 0.998789 0.0893928
0.559946 -0.828528 -0.00150668 5.21514 0.827555 0.559198 0.0495009 -1.16571 -0.0401704 -0.0289647 0.998773 0.0613905
0.981463 -0.191308 0.0114881 6.23234 0.191084 0.981406 0.0181661 -0.906531 -0.0147498 -0.0156341 0.999769 0.0560645
0.814223 0.580529 0.00518533 7.25211 -0.580548 0.814151 0.0110649 -1.27911 0.00220188 -0.0120197 0.999925 0.0728672
0.79771 0.603013 -0.00579762 8.08863 -0.602947 0.797718 0.00999744 -1.94102 0.0106535 -0.0044794 0.999933 0.102279
0.170766 0.985191 0.0154341 8.55003 -0.985286 0.170627 0.00991034 -2.85554 0.00713011 -0.0168993 0.999832 0.123444
-0.968045 0.248437 -0.0341869 7.7721 -0.248126 -0.968639 -0.0131215 -3.60184 -0.0363747 -0.00421951 0.999329 0.123898
-0.993658 -0.111708 -0.0128844 6.766 0.111194 -0.993169 0.0353648 -3.45898 -0.0167469 0.0337078 0.999291 0.113488
-0.722301 -0.691489 -0.0111452 5.84478 0.690864 -0.722193 0.0338151 -2.96128 -0.0314318 0.0167248 0.999366 0.105862
-0.775474 -0.63138 0.000270696 5.06118 0.630191 -0.773987 0.0616726 -2.18039 -0.0387293 0.0479961 0.998096 0.0847691
-0.856601 -0.515932 -0.00695509 4.13934 0.515247 -0.856026 0.0417095 -1.62714 -0.027473 0.0321449 0.999106 0.063566
-0.933953 -0.357394 -0.000936425 3.25114 0.356991 -0.933018 0.0451091 -1.14583 -0.0169954 0.0417955 0.998982 0.0496734
-0.98873 -0.14874 -0.0170116 2.10368 0.147985 -0.988208 0.039325 -0.960564 -0.0226602 0.0363644 0.999082 0.0385978
-0.980136 0.19604 -0.0300276 0.987491 -0.197238 -0.97936 0.0441809 -0.9438 -0.0207466 0.0492259 0.998572 0.0265255
-0.654575 0.754969 -0.0394018 0.0874889 -0.755991 -0.653891 0.0300817 -1.52431 -0.00305373 0.0494781 0.998771 0.0292455
0.283507 0.958641 -0.0251308 0.0466207 -0.958947 0.283584 -0.000522298 -2.5487 0.006626 0.0242472 0.999684 0.0560203
0.13678 0.990274 -0.0254786 0.280813 -0.99007 0.137504 0.0292345 -3.64084 0.0324536 0.0212269 0.999248 0.0906006
0.351918 0.935472 -0.0323297 0.461666 -0.935931 0.352174 0.00243478 -4.67509 0.0136634 0.0294015 0.999474 0.111554
