0.999995 0.00315177 -0.00031081 -0.00947358 -0.00315036 0.999985 0.00446083 0.00607064 0.000324865 -0.00445983 0.99999 0.00798257
0.874484 0.485053 -0.00114468 0.990117 -0.485054 0.874484 -0.00104185 -0.376097 0.000495651 0.00146631 0.999999 0.0183677
0.981239 0.192781 0.002228 2.01184 -0.192784 0.98124 0.00136536 -0.71104 -0.00192299 -0.00176927 0.999997 0.0298564
0.997937 -0.0640202 0.00487984 3.04244 0.0639855 0.997927 0.00695022 -0.751348 -0.00531468 -0.00662364 0.999964 0.0414546
0.956372 -0.2921 0.00551514 4.08325 0.292036 0.956354 0.0101368 -0.573483 -0.00823538 -0.00808394 0.999933 0.0504308
0.950093 -0.311676 0.0134407 5.06625 0.311525 0.950159 0.0122309 -0.251761 -0.0165829 -0.00743344 0.999835 0.04054
0.999188 -0.0378434 0.0138043 6.06924 0.0377971 0.999279 0.00359808 -0.191375 -0.0139305 -0.00307339 0.999898 0.0458736
0.997393 -0.0720889 0.00333113 7.1185 0.0720632 0.997374 0.00726583 -0.115845 -0.00384616 -0.00700684 0.999968 0.0489246
0.979932 0.199054 0.0104942 8.16838 -0.199263 0.979608 0.0257295 -0.205378 -0.00515868 -0.0273043 0.999614 0.0562571
0.955897 0.293638 0.00615853 9.16104 -0.293691 0.955836 0.0111203 -0.512489 -0.00262119 -0.0124386 0.999919 0.0686959
0.570081 0.821516 0.0109056 9.92656 -0.821553 0.57013 -0.00169391 -1.25934 -0.00760916 -0.00799382 0.999939 0.0937307
0.218696 0.975787 0.0033893 10.1825 -0.975792 0.218691 0.00183074 -2.33735 0.0010452 -0.00370763 0.999993 0.117728
-0.573219 0.819299 -0.0130283 9.84839 -0.819328 -0.573309 -0.00441264 -3.36777 -0.0110845 0.00814505 0.999905 0.139848
-0.984743 0.172957 -0.0191488 8.86331 -0.173409 -0.984528 0.025176 -3.64445 -0.0144982 0.0281124 0.9995 0.137668
-0.988079 -0.151691 -0.0262595 7.82083 0.151168 -0.988287 0.0208862 -3.65928 -0.0291202 0.0166676 0.999437 0.132669
-0.968552 -0.248562 -0.0111053 6.83307 0.247963 -0.967973 0.0392719 -3.39378 -0.0205111 0.0352832 0.999167 0.11883
-0.95658 -0.291402 -0.0062628 5.76515 0.29108 -0.956193 0.0311133 -3.06439 -0.0150549 0.0279394 0.999496 0.110566
-0.601982 -0.798451 -0.00965861 5.05796 0.797284 -0.601684 0.0481017 -2.23522 -0.0442183 0.0212557 0.998796 0.0932525
0.560104 -0.828421 -0.001427 5.21558 0.827452 0.559363 0.0493624 -1.1651 -0.0400946 -0.0288288 0.99878 0.065715
0.981501 -0.19111 0.0115602 6.23264 0.190887 0.981447 0.0180239 -0.906464 -0.0147902 -0.0154838 0.999771 0.06039
0.814127 0.580663 0.00521977 7.25295 -0.580683 0.814057 0.0109025 -1.27966 0.0020815 -0.0119071 0.999927 0.0768423
0.797604 0.603153 -0.0057722 8.0893 -0.603089 0.797613 0.00983986 -1.94155 0.0105389 -0.00436717 0.999935 0.105908
0.170529 0.985231 0.015484 8.54951 -0.985328 0.170392 0.00978032 -2.8553 0.00699752 -0.0169247 0.999832 0.126726
-0.968108 0.248194 -0.0341492 7.77127 -0.247879 -0.968701 -0.0132314 -3.60118 -0.0363643 -0.00434457 0.999329 0.126912
-0.993629 -0.111964 -0.0128386 6.76508 0.111453 -0.993144 0.0352571 -3.45784 -0.0166981 0.0336016 0.999296 0.116349
-0.722119 -0.69168 -0.011102 5.84385 0.691059 -0.722011 0.0337135 -2.95967 -0.0313347 0.016673 0.99937 0.108602
-0.775304 -0.631588 0.000320799 5.06032 0.630405 -0.773821 0.0615729 -2.17835 -0.0386405 0.04794 0.998103 0.0874066
-0.85646 -0.516167 -0.00690909 4.1385 0.515486 -0.855887 0.0416155 -1.62462 -0.0273939 0.0320805 0.99911 0.0660788
-0.933856 -0.357649 -0.000886711 3.24994 0.35725 -0.932923 0.0450162 -1.14268 -0.0169273 0.0417219 0.998986 0.0521491
-0.98869 -0.149009 -0.016962 2.1023 0.148258 -0.98817 0.039238 -0.956859 -0.0226082 0.0362794 0.999086 0.0411597
-0.980191 0.195774 -0.0299768 0.986121 -0.196968 -0.979418 0.0440974 -0.939788 -0.0207266 0.0491284 0.998577 0.0291321
-0.654783 0.754792 -0.0393548 0.0859595 -0.755811 -0.654102 0.0300008 -1.52005 -0.00309771 0.0493888 0.998775 0.0318338
0.283245 0.958719 -0.0250921 0.0448116 -0.959025 0.283319 -0.000607176 -2.54443 0.00652698 0.024236 0.999685 0.0585162
0.13651 0.990312 -0.0254318 0.278706 -0.99011 0.137231 0.0291498 -3.63664 0.0323574 0.0212011 0.999251 0.0929872
0.351662 0.93557 -0.0322903 0.459276 -0.936029 0.351915 0.00235189 -4.67094 0.0135638 0.0293976 0.999476 0.113839
